experiment, N, Bsize_nonred, Bsize_reduced, naive_MIP_vars, t_MIP, t_BDD
Set parameter Username
1, 15, 227, 228, 90, 0.06, 0.04
2, 15, 139, 139, 84, 0.04, 0.02
3, 15, 117, 119, 82, 0.03, 0.02
4, 15, 215, 216, 86, 0.01, 0.04
5, 15, 119, 119, 86, 0.01, 0.02
6, 15, 119, 120, 88, 0.05, 0.02
7, 15, 118, 119, 82, 0.01, 0.02
8, 15, 103, 104, 86, 0.01, 0.02
9, 15, 129, 131, 84, 0.04, 0.02
10, 15, 90, 92, 86, 0.02, 0.02
11, 16, 157, 157, 92, 0.01, 0.03
12, 16, 239, 242, 94, 0.02, 0.05
13, 16, 167, 169, 88, 0.01, 0.03
14, 16, 399, 402, 84, 0.01, 0.07
15, 16, 241, 244, 94, 0.02, 0.05
16, 16, 153, 155, 90, 0.02, 0.03
17, 16, 407, 408, 90, 0.01, 0.08
18, 16, 133, 135, 92, 0.02, 0.03
19, 16, 239, 244, 94, 0.01, 0.05
20, 16, 117, 118, 92, 0.02, 0.02
21, 17, 251, 252, 96, 0.01, 0.05
22, 17, 543, 543, 98, 0.02, 0.10
23, 17, 113, 115, 96, 0.01, 0.02
24, 17, 137, 139, 96, 0.01, 0.03
25, 17, 147, 148, 98, 0.03, 0.03
26, 17, 179, 182, 94, 0.02, 0.03
27, 17, 131, 134, 98, 0.02, 0.03
28, 17, 129, 131, 86, 0.01, 0.03
29, 17, 171, 171, 90, 0.01, 0.03
30, 17, 519, 520, 96, 0.03, 0.10
31, 18, 335, 337, 102, 0.04, 0.06
32, 18, 128, 129, 98, 0.05, 0.03
33, 18, 247, 251, 102, 0.02, 0.05
34, 18, 143, 146, 94, 0.01, 0.03
35, 18, 531, 532, 96, 0.04, 0.10
36, 18, 671, 676, 94, 0.01, 0.12
37, 18, 131, 134, 98, 0.03, 0.03
38, 18, 263, 267, 100, 0.03, 0.05
39, 18, 145, 148, 98, 0.04, 0.03
40, 18, 147, 148, 100, 0.04, 0.03
41, 19, 175, 176, 100, 0.03, 0.03
42, 19, 153, 153, 106, 0.03, 0.03
43, 19, 139, 140, 106, 0.03, 0.03
44, 19, 201, 201, 100, 0.03, 0.03
45, 19, 395, 402, 96, 0.03, 0.07
46, 19, 171, 173, 98, 0.01, 0.03
47, 19, 139, 143, 110, 0.02, 0.03
48, 19, 183, 184, 96, 0.02, 0.03
49, 19, 135, 137, 100, 0.02, 0.03
50, 19, 137, 138, 104, 0.01, 0.03
51, 20, 154, 157, 116, 0.01, 0.03
52, 20, 157, 161, 112, 0.04, 0.03
53, 20, 145, 147, 110, 0.02, 0.03
54, 20, 161, 162, 120, 0.02, 0.03
55, 20, 253, 255, 122, 0.02, 0.05
56, 20, 145, 146, 110, 0.06, 0.03
57, 20, 141, 143, 122, 0.04, 0.03
58, 20, 143, 144, 118, 0.01, 0.03
59, 20, 129, 130, 126, 0.07, 0.03
60, 20, 161, 161, 114, 0.01, 0.03
61, 21, 173, 176, 122, 0.03, 0.03
62, 21, 379, 382, 122, 0.03, 0.07
63, 21, 189, 191, 128, 0.03, 0.04
64, 21, 205, 207, 124, 0.01, 0.04
65, 21, 191, 194, 120, 0.02, 0.04
66, 21, 175, 177, 130, 0.02, 0.04
67, 21, 553, 554, 120, 0.03, 0.10
68, 21, 221, 223, 120, 0.04, 0.04
69, 21, 201, 201, 116, 0.01, 0.04
70, 21, 587, 587, 122, 0.08, 0.11
71, 22, 177, 178, 120, 0.01, 0.04
72, 22, 203, 204, 124, 0.01, 0.04
73, 22, 611, 616, 122, 0.04, 0.11
74, 22, 499, 499, 132, 0.02, 0.10
75, 22, 173, 174, 124, 0.03, 0.04
76, 22, 427, 430, 128, 0.05, 0.08
77, 22, 611, 616, 124, 0.02, 0.12
78, 22, 397, 404, 114, 0.08, 0.07
79, 22, 803, 806, 120, 0.04, 0.15
80, 22, 515, 521, 120, 0.01, 0.14
81, 23, 479, 481, 136, 0.01, 0.09
82, 23, 183, 186, 126, 0.01, 0.04
83, 23, 511, 512, 128, 0.04, 0.10
84, 23, 189, 191, 130, 0.01, 0.04
85, 23, 683, 689, 128, 0.03, 0.13
86, 23, 631, 633, 132, 0.04, 0.12
87, 23, 447, 451, 130, 0.03, 0.08
88, 23, 479, 483, 134, 0.02, 0.09
89, 23, 683, 683, 130, 0.02, 0.13
90, 23, 186, 187, 132, 0.04, 0.04
91, 24, 631, 633, 134, 0.03, 0.12
92, 24, 1303, 1304, 136, 0.05, 0.25
93, 24, 1191, 1192, 138, 0.01, 0.23
94, 24, 389, 391, 128, 0.06, 0.07
95, 24, 195, 198, 134, 0.02, 0.04
96, 24, 201, 203, 134, 0.02, 0.04
97, 24, 579, 582, 136, 0.02, 0.11
98, 24, 643, 645, 132, 0.03, 0.12
99, 24, 205, 207, 130, 0.02, 0.04
100, 24, 445, 448, 126, 0.02, 0.12
101, 25, 597, 598, 148, 0.04, 0.11
102, 25, 414, 416, 146, 0.02, 0.08
103, 25, 575, 576, 142, 0.02, 0.12
104, 25, 583, 584, 146, 0.04, 0.11
105, 25, 177, 178, 156, 0.02, 0.04
106, 25, 595, 597, 152, 0.03, 0.11
107, 25, 315, 316, 146, 0.02, 0.06
108, 25, 515, 517, 142, 0.02, 0.10
109, 25, 172, 173, 150, 0.04, 0.03
110, 25, 329, 334, 140, 0.04, 0.06
111, 26, 516, 520, 144, 0.02, 0.10
112, 26, 635, 635, 156, 0.09, 0.12
113, 26, 227, 228, 158, 0.02, 0.05
114, 26, 547, 552, 152, 0.03, 0.11
115, 26, 523, 524, 154, 0.03, 0.10
116, 26, 919, 920, 146, 0.05, 0.17
117, 26, 767, 770, 142, 0.03, 0.15
118, 26, 231, 234, 148, 0.05, 0.05
119, 26, 767, 769, 150, 0.02, 0.15
120, 26, 687, 688, 156, 0.03, 0.13
121, 27, 667, 670, 158, 0.02, 0.17
122, 27, 579, 582, 158, 0.09, 0.11
123, 27, 763, 768, 154, 0.04, 0.14
124, 27, 1441, 1446, 154, 0.03, 0.28
125, 27, 1315, 1320, 148, 0.01, 0.31
126, 27, 235, 237, 156, 0.11, 0.05
127, 27, 1211, 1214, 162, 0.02, 0.24
128, 27, 247, 248, 150, 0.03, 0.05
129, 27, 1575, 1577, 154, 0.02, 0.35
130, 27, 1923, 1927, 156, 0.02, 0.38
131, 28, 1075, 1077, 162, 0.04, 0.21
132, 28, 264, 266, 154, 0.08, 0.05
133, 28, 791, 792, 160, 0.03, 0.15
134, 28, 263, 264, 152, 0.04, 0.05
135, 28, 751, 754, 154, 0.06, 0.14
136, 28, 1599, 1603, 154, 0.09, 0.31
137, 28, 823, 824, 158, 0.02, 0.20
138, 28, 533, 536, 158, 0.04, 0.10
139, 28, 767, 770, 152, 0.03, 0.15
140, 28, 827, 835, 150, 0.03, 0.17
141, 29, 243, 245, 166, 0.03, 0.05
142, 29, 483, 485, 158, 0.06, 0.09
143, 29, 1663, 1668, 160, 0.04, 0.32
144, 29, 253, 255, 162, 0.04, 0.05
145, 29, 779, 783, 158, 0.08, 0.15
146, 29, 253, 255, 166, 0.04, 0.05
147, 29, 755, 760, 160, 0.02, 0.15
148, 29, 801, 805, 158, 0.04, 0.16
149, 29, 1319, 1319, 170, 0.03, 0.30
150, 29, 1283, 1286, 166, 0.05, 0.25
151, 30, 240, 242, 170, 0.03, 0.05
152, 30, 236, 236, 174, 0.08, 0.05
153, 30, 629, 629, 178, 0.06, 0.12
154, 30, 529, 530, 184, 0.04, 0.11
155, 30, 699, 702, 176, 0.03, 0.14
156, 30, 239, 242, 178, 0.05, 0.05
157, 30, 609, 610, 182, 0.03, 0.12
158, 30, 811, 814, 176, 0.04, 0.16
159, 30, 337, 338, 186, 0.06, 0.07
160, 30, 337, 340, 186, 0.06, 0.07
161, 31, 1069, 1071, 184, 0.04, 0.21
162, 31, 274, 275, 180, 0.04, 0.06
163, 31, 847, 852, 184, 0.09, 0.17
164, 31, 1951, 1952, 178, 0.05, 0.43
165, 31, 741, 744, 188, 0.03, 0.15
166, 31, 773, 774, 178, 0.09, 0.15
167, 31, 1451, 1458, 168, 0.03, 0.29
168, 31, 2827, 2827, 178, 0.03, 0.58
169, 31, 2907, 2909, 180, 0.08, 0.67
170, 31, 274, 275, 178, 0.02, 0.06
171, 32, 1381, 1384, 182, 0.05, 0.27
172, 32, 1153, 1155, 172, 0.07, 0.23
173, 32, 787, 788, 186, 0.06, 0.16
174, 32, 1011, 1015, 178, 0.04, 0.24
175, 32, 1659, 1663, 184, 0.04, 0.33
176, 32, 695, 696, 196, 0.04, 0.14
177, 32, 2891, 2895, 184, 0.03, 0.60
178, 32, 971, 975, 184, 0.07, 0.23
179, 32, 785, 788, 190, 0.05, 0.15
180, 32, 995, 1000, 184, 0.06, 0.19
181, 33, 2483, 2484, 192, 0.08, 0.50
182, 33, 1887, 1889, 184, 0.06, 0.39
183, 33, 1405, 1406, 190, 0.11, 0.31
184, 33, 761, 765, 186, 0.11, 0.15
185, 33, 783, 785, 196, 0.06, 0.16
186, 33, 567, 567, 188, 0.04, 0.11
187, 33, 669, 674, 190, 0.07, 0.13
188, 33, 2099, 2103, 192, 0.04, 0.43
189, 33, 1447, 1451, 186, 0.04, 0.33
190, 33, 697, 698, 184, 0.05, 0.14
191, 34, 891, 894, 198, 0.08, 0.18
192, 34, 1163, 1167, 202, 0.03, 0.23
193, 34, 695, 697, 186, 0.05, 0.14
194, 34, 686, 687, 194, 0.05, 0.13
195, 34, 1391, 1393, 198, 0.03, 0.28
196, 34, 2469, 2472, 184, 0.02, 0.53
197, 34, 849, 853, 188, 0.06, 0.17
198, 34, 2055, 2057, 194, 0.04, 0.42
199, 34, 835, 839, 194, 0.08, 0.17
200, 34, 1043, 1048, 192, 0.03, 0.21
201, 35, 293, 297, 206, 0.07, 0.06
202, 35, 294, 297, 210, 0.12, 0.06
203, 35, 547, 548, 202, 0.05, 0.11
204, 35, 257, 259, 210, 0.10, 0.05
205, 35, 301, 304, 206, 0.02, 0.06
206, 35, 266, 268, 202, 0.09, 0.05
207, 35, 305, 308, 204, 0.03, 0.06
208, 35, 945, 945, 200, 0.06, 0.19
209, 35, 441, 442, 206, 0.03, 0.13
210, 35, 949, 949, 200, 0.14, 0.19
211, 36, 2679, 2681, 212, 0.09, 0.55
212, 36, 2259, 2264, 206, 0.07, 0.48
213, 36, 9483, 9484, 204, 0.10, 2.26
214, 36, 887, 891, 218, 0.08, 0.18
215, 36, 1583, 1586, 214, 0.02, 0.32
216, 36, 692, 698, 212, 0.11, 0.14
217, 36, 807, 813, 206, 0.04, 0.16
218, 36, 330, 332, 214, 0.08, 0.07
219, 36, 2821, 2822, 204, 0.04, 0.57
220, 36, 1115, 1117, 210, 0.08, 0.22
221, 37, 4919, 4921, 214, 0.08, 1.10
222, 37, 601, 602, 218, 0.16, 0.16
223, 37, 3071, 3072, 206, 0.04, 0.65
224, 37, 1179, 1182, 206, 0.05, 0.24
225, 37, 1067, 1072, 206, 0.07, 0.21
226, 37, 1839, 1842, 210, 0.04, 0.41
227, 37, 1037, 1042, 216, 0.14, 0.21
228, 37, 1035, 1041, 212, 0.08, 0.21
229, 37, 3531, 3535, 208, 0.04, 0.85
230, 37, 2435, 2437, 210, 0.05, 0.53
231, 38, 1119, 1125, 220, 0.02, 0.23
232, 38, 1863, 1867, 202, 0.10, 0.38
233, 38, 1847, 1851, 202, 0.12, 0.41
234, 38, 342, 342, 216, 0.04, 0.07
235, 38, 648, 650, 216, 0.02, 0.13
236, 38, 4099, 4101, 216, 0.03, 0.91
237, 38, 1391, 1396, 214, 0.05, 0.28
238, 38, 2899, 2901, 220, 0.03, 0.60
239, 38, 7055, 7058, 216, 0.04, 1.57
240, 38, 1975, 1979, 206, 0.03, 0.45
241, 39, 2023, 2027, 206, 0.06, 0.42
242, 39, 1223, 1224, 226, 0.04, 0.25
243, 39, 2511, 2516, 222, 0.13, 0.57
244, 39, 1059, 1064, 212, 0.06, 0.22
245, 39, 365, 367, 218, 0.06, 0.08
246, 39, 1093, 1097, 218, 0.06, 0.22
247, 39, 1171, 1174, 224, 0.08, 0.24
248, 39, 2003, 2007, 228, 0.08, 0.41
249, 39, 2027, 2028, 218, 0.04, 0.45
250, 39, 1075, 1080, 216, 0.09, 0.22
251, 40, 520, 521, 232, 0.10, 0.11
252, 40, 513, 513, 226, 0.05, 0.11
253, 40, 1425, 1428, 232, 0.07, 0.30
254, 40, 669, 669, 224, 0.12, 0.14
255, 40, 1011, 1012, 226, 0.08, 0.21
256, 40, 472, 473, 236, 0.03, 0.10
257, 40, 325, 326, 238, 0.14, 0.07
258, 40, 873, 878, 242, 0.08, 0.18
259, 40, 1207, 1208, 234, 0.17, 0.24
260, 40, 2595, 2598, 246, 0.08, 0.53
261, 41, 3203, 3206, 240, 0.12, 0.74
262, 41, 2891, 2892, 238, 0.13, 0.62
263, 41, 3219, 3220, 228, 0.21, 0.72
264, 41, 2467, 2467, 232, 0.04, 0.51
265, 41, 2591, 2592, 250, 0.10, 0.54
266, 41, 2651, 2655, 240, 0.05, 0.60
267, 41, 1081, 1084, 234, 0.11, 0.23
268, 41, 4695, 4700, 240, 0.08, 1.06
269, 41, 823, 826, 246, 0.06, 0.17
270, 41, 2681, 2684, 234, 0.13, 0.56
271, 42, 4351, 4352, 242, 0.08, 0.98
272, 42, 883, 885, 246, 0.08, 0.18
273, 42, 897, 901, 252, 0.05, 0.18
274, 42, 3395, 3398, 240, 0.11, 0.76
275, 42, 811, 815, 248, 0.07, 0.16
276, 42, 2435, 2442, 238, 0.06, 0.52
277, 42, 1395, 1396, 242, 0.07, 0.33
278, 42, 6467, 6469, 238, 0.06, 1.49
279, 42, 1019, 1024, 252, 0.04, 0.21
280, 42, 4000, 4002, 236, 0.07, 0.93
281, 43, 1263, 1266, 250, 0.07, 0.26
282, 43, 1163, 1166, 242, 0.06, 0.24
283, 43, 2719, 2722, 260, 0.07, 0.57
284, 43, 2473, 2475, 250, 0.06, 0.56
285, 43, 1059, 1062, 248, 0.10, 0.22
286, 43, 2901, 2902, 250, 0.05, 0.61
287, 43, 399, 400, 248, 0.14, 0.08
288, 43, 5785, 5787, 238, 0.07, 1.28
289, 43, 1103, 1108, 254, 0.05, 0.26
290, 43, 2901, 2902, 248, 0.04, 0.61
291, 44, 4147, 4151, 254, 0.04, 0.95
292, 44, 1399, 1402, 250, 0.08, 0.29
293, 44, 2383, 2384, 246, 0.10, 0.50
294, 44, 1223, 1226, 248, 0.11, 0.29
295, 44, 2157, 2160, 250, 0.15, 0.46
296, 44, 3091, 3093, 244, 0.05, 0.70
297, 44, 3628, 3628, 252, 0.06, 0.78
298, 44, 9747, 9750, 256, 0.09, 2.39
299, 44, 1275, 1278, 258, 0.05, 0.27
300, 44, 1191, 1194, 252, 0.12, 0.24
301, 45, 5191, 5192, 266, 0.03, 1.17
302, 45, 729, 730, 256, 0.07, 0.15
303, 45, 4517, 4524, 264, 0.11, 1.03
304, 45, 2959, 2960, 262, 0.16, 0.69
305, 45, 833, 838, 262, 0.09, 0.17
306, 45, 395, 397, 250, 0.07, 0.08
307, 45, 391, 392, 258, 0.13, 0.08
308, 45, 3069, 3069, 262, 0.05, 0.67
309, 45, 431, 432, 256, 0.09, 0.09
310, 45, 649, 649, 272, 0.04, 0.18
311, 46, 4143, 4145, 262, 0.06, 0.90
312, 46, 4283, 4288, 264, 0.15, 0.99
313, 46, 1099, 1102, 280, 0.09, 0.23
314, 46, 5835, 5836, 262, 0.07, 1.37
315, 46, 1034, 1038, 264, 0.07, 0.21
316, 46, 1188, 1190, 270, 0.09, 0.28
317, 46, 10231, 10234, 278, 0.10, 2.52
318, 46, 10799, 10802, 268, 0.13, 2.69
319, 46, 1439, 1441, 278, 0.17, 0.31
320, 46, 1651, 1653, 262, 0.15, 0.35
321, 47, 2607, 2611, 274, 0.04, 0.60
322, 47, 2975, 2979, 260, 0.17, 0.65
323, 47, 2867, 2869, 274, 0.08, 0.62
324, 47, 3411, 3417, 264, 0.06, 0.79
325, 47, 41343, 41345, 270, 0.04, 11.05
326, 47, 2167, 2174, 268, 0.10, 0.49
327, 47, 4435, 4436, 276, 0.06, 1.03
328, 47, 10491, 10493, 284, 0.12, 2.53
329, 47, 3164, 3168, 262, 0.12, 0.72
330, 47, 1227, 1231, 278, 0.04, 0.25
331, 48, 3247, 3243, 282, 0.14, 0.74
332, 48, 3047, 3048, 276, 0.09, 0.70
333, 48, 1079, 1083, 272, 0.15, 0.23
334, 48, 1403, 1406, 272, 0.15, 0.30
335, 48, 2291, 2295, 274, 0.07, 0.55
336, 48, 1209, 1212, 280, 0.09, 0.25
337, 48, 4435, 4439, 272, 0.05, 1.03
338, 48, 451, 453, 270, 0.16, 0.10
339, 48, 3159, 3164, 268, 0.10, 0.73
340, 48, 9655, 9659, 274, 0.07, 2.30
341, 49, 948, 951, 286, 0.09, 0.20
342, 49, 4727, 4728, 284, 0.18, 1.10
343, 49, 1431, 1433, 290, 0.13, 0.30
344, 49, 2939, 2943, 276, 0.06, 0.64
345, 49, 3977, 3979, 278, 0.07, 0.91
346, 49, 2787, 2788, 280, 0.07, 0.59
347, 49, 4403, 4407, 286, 0.05, 1.02
348, 49, 4187, 4188, 274, 0.05, 0.97
349, 49, 3123, 3126, 274, 0.06, 0.69
350, 49, 1339, 1341, 288, 0.22, 0.32
351, 50, 429, 430, 290, 0.18, 0.09
352, 50, 1367, 1368, 304, 0.06, 0.29
353, 50, 415, 417, 300, 0.08, 0.09
354, 50, 500, 502, 302, 0.05, 0.11
355, 50, 420, 420, 288, 0.09, 0.09
356, 50, 1085, 1091, 294, 0.09, 0.22
357, 50, 1343, 1344, 296, 0.16, 0.28
358, 50, 395, 396, 296, 0.23, 0.09
359, 50, 415, 419, 292, 0.11, 0.09
360, 50, 697, 698, 298, 0.08, 0.15
361, 51, 2539, 2543, 296, 0.14, 0.60
362, 51, 5219, 5223, 294, 0.10, 1.24
363, 51, 5011, 5016, 290, 0.05, 1.15
364, 51, 6967, 6970, 302, 0.24, 1.67
365, 51, 1647, 1651, 292, 0.05, 0.35
366, 51, 1639, 1643, 302, 0.08, 0.35
367, 51, 3919, 3923, 298, 0.06, 0.92
368, 51, 1527, 1526, 302, 0.11, 0.33
369, 51, 5167, 5169, 298, 0.05, 1.21
370, 51, 1479, 1480, 302, 0.13, 0.32
371, 52, 731, 732, 298, 0.20, 0.15
372, 52, 1885, 1887, 302, 0.08, 0.44
373, 52, 1523, 1526, 306, 0.09, 0.33
374, 52, 1452, 1458, 298, 0.04, 0.30
375, 52, 1203, 1206, 312, 0.17, 0.33
376, 52, 6607, 6608, 298, 0.14, 1.56
377, 52, 10831, 10835, 302, 0.16, 2.65
378, 52, 1795, 1799, 298, 0.18, 0.43
379, 52, 3215, 3217, 306, 0.15, 0.72
380, 52, 6935, 6937, 298, 0.20, 1.63
381, 53, 2999, 3004, 308, 0.12, 0.72
382, 53, 1543, 1545, 312, 0.22, 0.33
383, 53, 3815, 3819, 294, 0.13, 0.90
384, 53, 971, 974, 310, 0.09, 0.20
385, 53, 3103, 3108, 324, 0.23, 0.70
386, 53, 5103, 5106, 304, 0.10, 1.20
387, 53, 1811, 1813, 302, 0.18, 0.40
388, 53, 5395, 5399, 304, 0.08, 1.27
389, 53, 3532, 3533, 306, 0.07, 0.81
390, 53, 1683, 1687, 296, 0.13, 0.36
391, 54, 23715, 23718, 300, 0.10, 6.52
392, 54, 1627, 1629, 310, 0.14, 0.36
393, 54, 2043, 2044, 322, 0.07, 0.44
394, 54, 9547, 9552, 296, 0.09, 2.34
395, 54, 1345, 1349, 310, 0.11, 0.29
396, 54, 4511, 4512, 314, 0.18, 1.05
397, 54, 1835, 1840, 308, 0.08, 0.40
398, 54, 1561, 1563, 312, 0.18, 0.34
399, 54, 5091, 5092, 310, 0.13, 1.25
400, 54, 1639, 1644, 312, 0.18, 0.44
401, 55, 1467, 1471, 336, 0.17, 0.37
402, 55, 420, 422, 328, 0.08, 0.10
403, 55, 1881, 1882, 324, 0.20, 0.42
404, 55, 3211, 3214, 322, 0.18, 0.82
405, 55, 1611, 1612, 318, 0.08, 0.38
406, 55, 5268, 5269, 314, 0.13, 1.33
407, 55, 3959, 3959, 320, 0.11, 0.95
408, 55, 490, 493, 308, 0.11, 0.11
409, 55, 851, 852, 324, 0.15, 0.27
410, 55, 483, 484, 324, 0.14, 0.11
411, 56, 5241, 5243, 318, 0.20, 1.32
412, 56, 6943, 6944, 316, 0.08, 1.70
413, 56, 23663, 23666, 328, 0.21, 6.52
414, 56, 15071, 15074, 322, 0.17, 3.94
415, 56, 3803, 3805, 314, 0.09, 0.90
416, 56, 1855, 1857, 328, 0.18, 0.40
417, 56, 1393, 1396, 332, 0.18, 0.31
418, 56, 17427, 17427, 328, 0.09, 4.61
419, 56, 1837, 1840, 334, 0.11, 0.41
420, 56, 4839, 4842, 324, 0.07, 1.16
421, 57, 1631, 1631, 326, 0.14, 0.36
422, 57, 17715, 17719, 328, 0.12, 4.60
423, 57, 4909, 4916, 316, 0.07, 1.14
424, 57, 1811, 1812, 330, 0.06, 0.43
425, 57, 4627, 4628, 314, 0.15, 1.05
426, 57, 3171, 3174, 324, 0.15, 0.77
427, 57, 3187, 3188, 330, 0.11, 0.73
428, 57, 3891, 3892, 324, 0.19, 0.93
429, 57, 1301, 1304, 332, 0.12, 0.28
430, 57, 1417, 1419, 334, 0.12, 0.30
431, 58, 1801, 1803, 324, 0.18, 0.43
432, 58, 3831, 3837, 322, 0.05, 0.90
433, 58, 9231, 9233, 340, 0.13, 2.32
434, 58, 2019, 2024, 318, 0.17, 0.45
435, 58, 6455, 6459, 332, 0.09, 1.53
436, 58, 2207, 2210, 338, 0.16, 0.52
437, 58, 1965, 1968, 344, 0.16, 0.43
438, 58, 1919, 1924, 334, 0.13, 0.42
439, 58, 3159, 3166, 336, 0.20, 0.76
440, 58, 4459, 4462, 338, 0.18, 1.09
441, 59, 1771, 1778, 332, 0.13, 0.39
442, 59, 31799, 31799, 334, 0.09, 8.98
443, 59, 9811, 9814, 344, 0.25, 2.45
444, 59, 2479, 2484, 340, 0.15, 0.56
445, 59, 10083, 10086, 334, 0.16, 2.54
446, 59, 3195, 3199, 338, 0.14, 0.77
447, 59, 10977, 10981, 322, 0.21, 2.88
448, 59, 4391, 4393, 340, 0.16, 1.06
449, 59, 1512, 1514, 344, 0.14, 0.33
450, 59, 5279, 5280, 336, 0.17, 1.28
451, 60, 10669, 10670, 348, 0.20, 2.70
452, 60, 1617, 1620, 346, 0.19, 0.37
453, 60, 4096, 4100, 354, 0.07, 1.00
454, 60, 1717, 1719, 350, 0.12, 0.38
455, 60, 505, 506, 354, 0.12, 0.11
456, 60, 1909, 1914, 348, 0.25, 0.43
457, 60, 1163, 1165, 364, 0.13, 0.30
458, 60, 41755, 41758, 352, 0.17, 12.51
459, 60, 8377, 8379, 364, 0.28, 2.12
460, 60, 731, 731, 352, 0.07, 0.17
461, 61, 2795, 2801, 356, 0.16, 0.68
462, 61, 6401, 6405, 356, 0.20, 1.57
463, 61, 2143, 2146, 356, 0.23, 0.49
464, 61, 4283, 4284, 350, 0.33, 1.05
465, 61, 22991, 22994, 356, 0.06, 6.27
466, 61, 5775, 5777, 356, 0.10, 1.41
467, 61, 6747, 6750, 342, 0.11, 1.67
468, 61, 2055, 2057, 358, 0.09, 0.46
469, 61, 4407, 4411, 346, 0.10, 1.07
470, 61, 18999, 19001, 368, 0.15, 5.11
471, 62, 2094, 2095, 364, 0.23, 0.48
472, 62, 5527, 5529, 366, 0.09, 1.35
473, 62, 1761, 1765, 368, 0.10, 0.39
474, 62, 3079, 3081, 376, 0.13, 0.70
475, 62, 1419, 1418, 364, 0.10, 0.31
476, 62, 3455, 3456, 348, 0.25, 0.84
477, 62, 12347, 12351, 358, 0.19, 3.18
478, 62, 3579, 3586, 370, 0.14, 0.89
479, 62, 3163, 3163, 360, 0.13, 0.74
480, 62, 2735, 2739, 370, 0.18, 0.66
481, 63, 27783, 27785, 374, 0.11, 8.11
482, 63, 7075, 7078, 362, 0.28, 1.80
483, 63, 17423, 17426, 356, 0.18, 4.51
484, 63, 7235, 7238, 376, 0.17, 1.80
485, 63, 6799, 6803, 368, 0.05, 1.75
486, 63, 1821, 1823, 368, 0.23, 0.41
487, 63, 11781, 11785, 370, 0.14, 3.00
488, 63, 1987, 1990, 364, 0.12, 0.45
489, 63, 14463, 14465, 376, 0.20, 3.86
490, 63, 5559, 5563, 362, 0.24, 1.35
491, 64, 8873, 8878, 364, 0.13, 2.26
492, 64, 2387, 2390, 380, 0.11, 0.58
493, 64, 10599, 10601, 364, 0.19, 2.70
494, 64, 1983, 1986, 376, 0.24, 0.45
495, 64, 10283, 10286, 366, 0.12, 2.63
496, 64, 48675, 48676, 374, 0.20, 15.34
497, 64, 6059, 6062, 360, 0.19, 1.54
498, 64, 1995, 1997, 378, 0.15, 0.45
499, 64, 2163, 2165, 376, 0.17, 0.48
500, 64, 2273, 2276, 380, 0.14, 0.51
501, 65, 3223, 3228, 382, 0.20, 0.79
502, 65, 11295, 11296, 376, 0.10, 2.95
503, 65, 965, 969, 390, 0.14, 0.26
504, 65, 7341, 7346, 378, 0.15, 1.82
505, 65, 1431, 1431, 388, 0.17, 0.34
506, 65, 875, 880, 388, 0.14, 0.20
507, 65, 8249, 8251, 400, 0.19, 2.11
508, 65, 5402, 5405, 392, 0.09, 1.29
509, 65, 571, 572, 380, 0.16, 0.13
510, 65, 3591, 3595, 380, 0.11, 0.88
511, 66, 39163, 39163, 384, 0.28, 11.20
512, 66, 14215, 14217, 396, 0.14, 3.74
513, 66, 7227, 7230, 386, 0.22, 1.79
514, 66, 44935, 44938, 382, 0.18, 13.60
515, 66, 3019, 3022, 398, 0.22, 0.73
516, 66, 59479, 59481, 390, 0.10, 19.01
517, 66, 2855, 2862, 376, 0.25, 0.71
518, 66, 5911, 5912, 382, 0.21, 1.40
519, 66, 7667, 7670, 376, 0.21, 1.94
520, 66, 4450, 4451, 388, 0.27, 1.03
521, 67, 3775, 3780, 382, 0.29, 0.93
522, 67, 2243, 2246, 392, 0.12, 0.51
523, 67, 77619, 77621, 400, 0.11, 29.47
524, 67, 2055, 2058, 394, 0.37, 0.52
525, 67, 13319, 13321, 386, 0.14, 3.42
526, 67, 1777, 1780, 398, 0.22, 0.40
527, 67, 1971, 1973, 394, 0.48, 0.46
528, 67, 13247, 13248, 382, 0.21, 3.49
529, 67, 1935, 1938, 396, 0.12, 0.49
530, 67, 10779, 10781, 392, 0.23, 2.78
531, 68, 9015, 9017, 404, 0.11, 2.30
532, 68, 6023, 6024, 398, 0.12, 1.50
533, 68, 9163, 9164, 390, 0.15, 2.33
534, 68, 2223, 2228, 402, 0.14, 0.51
535, 68, 3295, 3299, 398, 0.18, 0.82
536, 68, 6815, 6817, 400, 0.11, 1.72
537, 68, 2759, 2763, 388, 0.09, 0.65
538, 68, 4279, 4282, 400, 0.16, 1.06
539, 68, 13355, 13359, 398, 0.11, 3.46
540, 68, 2431, 2431, 394, 0.22, 0.60
541, 69, 11739, 11741, 408, 0.23, 3.20
542, 69, 29487, 29489, 406, 0.23, 8.75
543, 69, 9039, 9043, 394, 0.21, 2.34
544, 69, 5979, 5982, 384, 0.17, 1.52
545, 69, 5803, 5806, 400, 0.19, 1.47
546, 69, 2187, 2192, 402, 0.15, 0.55
547, 69, 75707, 75708, 396, 0.20, 25.81
548, 69, 53307, 53308, 400, 0.26, 16.39
549, 69, 5435, 5436, 396, 0.24, 1.36
550, 69, 3743, 3745, 400, 0.33, 0.90
551, 70, 1475, 1476, 418, 0.26, 0.38
552, 70, 7635, 7636, 414, 0.11, 1.92
553, 70, 5427, 5429, 408, 0.15, 1.35
554, 70, 3625, 3627, 408, 0.28, 0.89
555, 70, 2619, 2622, 416, 0.19, 0.60
556, 70, 1811, 1812, 424, 0.17, 0.43
557, 70, 1999, 2000, 418, 0.09, 0.49
558, 70, 28619, 28620, 402, 0.15, 8.65
559, 70, 600, 604, 418, 0.17, 0.16
560, 70, 1456, 1458, 404, 0.19, 0.33
561, 71, 74919, 74924, 418, 0.24, 27.85
562, 71, 1761, 1762, 420, 0.32, 0.45
563, 71, 8327, 8331, 414, 0.14, 2.11
564, 71, 14215, 14218, 424, 0.11, 3.96
565, 71, 10199, 10200, 416, 0.20, 2.73
566, 71, 30415, 30417, 418, 0.21, 9.08
567, 71, 2599, 2603, 414, 0.12, 0.62
568, 71, 4095, 4098, 404, 0.13, 0.99
569, 71, 3995, 3998, 418, 0.18, 0.99
570, 71, 7783, 7785, 412, 0.19, 1.99
571, 72, 118643, 118647, 418, 0.23, 46.76
572, 72, 683, 683, 416, 0.28, 0.24
573, 72, 20443, 20446, 418, 0.20, 5.52
574, 72, 4267, 4272, 416, 0.25, 1.05
575, 72, 1494, 1495, 418, 0.16, 0.36
576, 72, 8667, 8671, 414, 0.33, 2.24
577, 72, 13475, 13478, 422, 0.15, 3.63
578, 72, 14395, 14399, 414, 0.22, 3.97
579, 72, 185179, 185183, 434, 0.08, 70.15
580, 72, 2026, 2029, 412, 0.42, 0.61
581, 73, 29275, 29278, 424, 0.23, 9.28
582, 73, 12215, 12216, 426, 0.23, 3.23
583, 73, 19111, 19114, 424, 0.18, 5.35
584, 73, 5743, 5747, 412, 0.16, 1.43
585, 73, 4307, 4311, 414, 0.17, 1.07
586, 73, 2221, 2227, 434, 0.14, 0.51
587, 73, 5253, 5255, 412, 0.08, 1.30
588, 73, 10347, 10351, 424, 0.16, 2.75
589, 73, 6475, 6480, 426, 0.21, 1.63
590, 73, 2355, 2358, 422, 0.22, 0.55
591, 74, 2267, 2267, 420, 0.14, 0.56
592, 74, 23091, 23093, 428, 0.18, 6.59
593, 74, 3819, 3825, 422, 0.35, 0.93
594, 74, 9295, 9296, 416, 0.12, 2.42
595, 74, 29875, 29876, 426, 0.17, 9.49
596, 74, 13851, 13856, 434, 0.29, 3.68
597, 74, 2363, 2364, 430, 0.13, 0.55
598, 74, 3259, 3262, 444, 0.17, 0.78
599, 74, 2019, 2024, 426, 0.22, 0.50
600, 74, 2179, 2182, 436, 0.23, 0.51
601, 75, 13611, 13614, 426, 0.26, 3.72
602, 75, 1023, 1027, 452, 0.12, 0.25
603, 75, 8375, 8375, 444, 0.28, 2.17
604, 75, 3989, 3989, 452, 0.26, 1.03
605, 75, 3429, 3429, 436, 0.11, 0.83
606, 75, 6047, 6047, 450, 0.27, 1.53
607, 75, 5991, 5991, 438, 0.15, 1.51
608, 75, 40931, 40932, 440, 0.15, 12.21
609, 75, 4505, 4505, 442, 0.19, 1.14
610, 75, 18659, 18659, 444, 0.08, 5.10
611, 76, 10243, 10247, 442, 0.25, 2.71
612, 76, 9959, 9960, 450, 0.30, 2.61
613, 76, 2363, 2366, 450, 0.22, 0.60
614, 76, 7527, 7528, 446, 0.20, 1.94
615, 76, 1869, 1871, 458, 0.24, 0.43
616, 76, 4329, 4329, 434, 0.16, 1.08
617, 76, 4481, 4487, 450, 0.13, 1.16
618, 76, 23927, 23865, 446, 0.14, 6.79
619, 76, 13473, 13476, 442, 0.20, 3.65
620, 76, 13545, 13548, 432, 0.16, 3.64
621, 77, 29531, 29534, 458, 0.16, 9.83
622, 77, 61103, 61103, 446, 0.23, 19.47
623, 77, 5980, 5982, 444, 0.30, 1.59
624, 77, 2397, 2400, 456, 0.30, 0.60
625, 77, 3395, 3399, 456, 0.35, 0.82
626, 77, 13051, 13055, 440, 0.11, 3.48
627, 77, 5656, 5661, 436, 0.12, 1.38
628, 77, 4187, 4189, 466, 0.31, 1.08
629, 77, 12755, 12759, 456, 0.18, 3.45
630, 77, 2555, 2559, 460, 0.37, 0.64
631, 78, 5319, 5324, 452, 0.09, 1.37
632, 78, 5867, 5870, 450, 0.22, 1.52
633, 78, 3292, 3294, 442, 0.28, 0.80
634, 78, 14803, 14804, 446, 0.09, 4.13
635, 78, 2871, 2872, 452, 0.29, 0.69
636, 78, 4751, 4754, 454, 0.25, 1.24
637, 78, 6239, 6244, 454, 0.20, 1.61
638, 78, 2923, 2927, 458, 0.25, 0.74
639, 78, 3083, 3086, 458, 0.32, 0.74
640, 78, 3871, 3873, 466, 0.16, 0.99
641, 79, 5503, 5504, 460, 0.24, 1.44
642, 79, 20303, 20307, 446, 0.33, 5.62
643, 79, 5999, 6001, 450, 0.20, 1.58
644, 79, 3771, 3774, 458, 0.28, 0.96
645, 79, 107187, 107187, 434, 0.11, 37.00
646, 79, 2119, 2124, 460, 0.36, 0.56
647, 79, 2291, 2293, 466, 0.17, 0.54
648, 79, 9731, 9736, 464, 0.46, 2.44
649, 79, 22287, 22290, 446, 0.12, 6.36
650, 79, 160157, 160160, 452, 0.24, 59.66
651, 80, 4507, 4509, 468, 0.44, 1.22
652, 80, 14982, 14982, 476, 0.26, 4.05
653, 80, 689, 691, 472, 0.31, 0.17
654, 80, 2069, 2072, 466, 0.27, 0.48
655, 80, 2995, 2999, 468, 0.19, 0.72
656, 80, 8447, 8449, 470, 0.17, 2.23
657, 80, 860, 862, 478, 0.20, 0.21
658, 80, 4691, 4695, 468, 0.13, 1.18
659, 80, 42127, 42132, 476, 0.13, 12.29
660, 80, 6195, 6196, 472, 0.24, 1.59
661, 81, 6340, 6340, 476, 0.18, 1.66
662, 81, 16979, 16983, 458, 0.32, 4.79
663, 81, 5563, 5569, 480, 0.22, 1.43
664, 81, 22921, 22924, 472, 0.28, 6.64
665, 81, 2711, 2714, 474, 0.27, 0.66
666, 81, 24967, 24970, 476, 0.85, 7.39
667, 81, 2302, 2305, 490, 0.23, 0.55
668, 81, 4353, 4355, 488, 0.25, 1.08
669, 81, 24055, 24057, 478, 0.23, 6.98
670, 81, 23271, 23274, 480, 0.31, 6.62
671, 82, 228723, 228726, 478, 0.31, 142.96
672, 82, 8951, 8956, 468, 0.48, 2.51
673, 82, 15607, 15610, 484, 0.22, 4.35
674, 82, 5447, 5449, 490, 0.16, 1.43
675, 82, 68743, 68747, 482, 0.13, 27.73
676, 82, 2851, 2853, 486, 0.31, 0.73
677, 82, 19315, 19319, 492, 0.21, 5.39
678, 82, 9443, 9446, 478, 0.23, 2.51
679, 82, 2883, 2885, 486, 0.31, 0.70
680, 82, 14899, 14903, 480, 0.21, 4.28
681, 83, 5811, 5813, 490, 0.33, 1.53
682, 83, 17331, 17331, 466, 0.24, 4.86
683, 83, 2383, 2386, 488, 0.25, 0.58
684, 83, 29583, 29584, 472, 0.27, 8.65
685, 83, 15775, 15779, 476, 0.27, 4.44
686, 83, 4463, 4465, 480, 0.32, 1.12
687, 83, 46279, 46282, 486, 0.18, 14.21
688, 83, 14367, 14372, 480, 0.30, 4.07
689, 83, 2975, 2978, 498, 0.24, 0.71
690, 83, 3797, 3800, 500, 0.23, 0.93
691, 84, 11107, 11110, 488, 0.31, 3.09
692, 84, 56067, 56068, 506, 0.23, 17.68
693, 84, 31491, 31496, 490, 0.28, 9.62
694, 84, 11091, 11083, 486, 0.29, 3.10
695, 84, 2947, 2951, 474, 0.25, 0.76
696, 84, 20523, 20528, 482, 0.27, 5.84
697, 84, 3475, 3476, 466, 0.12, 0.93
698, 84, 16955, 16958, 498, 0.30, 4.85
699, 84, 5139, 5143, 486, 0.31, 1.37
700, 84, 7985, 7988, 486, 0.33, 2.09
701, 85, 2969, 2972, 494, 0.26, 0.74
702, 85, 5051, 5053, 496, 0.13, 1.31
703, 85, 8221, 8222, 502, 0.16, 2.26
704, 85, 2951, 2958, 492, 0.25, 0.72
705, 85, 2813, 2814, 498, 0.26, 0.74
706, 85, 6398, 6400, 494, 0.19, 1.64
707, 85, 2543, 2547, 512, 0.15, 0.64
708, 85, 2311, 2314, 502, 0.25, 0.57
709, 85, 2921, 2923, 510, 0.17, 0.77
710, 85, 9769, 9771, 506, 0.09, 2.72
711, 86, 3455, 3459, 504, 0.20, 0.87
712, 86, 6051, 6056, 504, 0.21, 1.61
713, 86, 5199, 5200, 504, 0.33, 1.38
714, 86, 7515, 7517, 502, 0.27, 2.04
715, 86, 4975, 4976, 498, 0.24, 1.30
716, 86, 63399, 63399, 510, 0.25, 23.16
717, 86, 2895, 2898, 508, 0.39, 0.75
718, 86, 66443, 66446, 504, 0.10, 22.07
719, 86, 3043, 3047, 488, 0.28, 0.79
720, 86, 2855, 2856, 516, 0.27, 0.71
721, 87, 4651, 4654, 512, 0.16, 1.19
722, 87, 29431, 29434, 508, 0.34, 8.81
723, 87, 2251, 2252, 526, 0.24, 0.55
724, 87, 40195, 40198, 516, 0.14, 13.61
725, 87, 4409, 4411, 516, 0.36, 1.13
726, 87, 126947, 126948, 508, 0.16, 48.57
727, 87, 2999, 3003, 504, 0.59, 0.84
728, 87, 12675, 12677, 496, 0.13, 3.36
729, 87, 17971, 17973, 504, 0.25, 5.20
730, 87, 4611, 4615, 510, 0.32, 1.25
731, 88, 5475, 5477, 496, 0.21, 1.47
732, 88, 4891, 4893, 522, 0.27, 1.31
733, 88, 162379, 162384, 510, 0.28, 63.74
734, 88, 19671, 19676, 500, 0.48, 5.74
735, 88, 5311, 5314, 510, 0.26, 1.44
736, 88, 3323, 3324, 524, 0.18, 0.81
737, 88, 3111, 3113, 520, 0.27, 0.81
738, 88, 56183, 56186, 500, 0.20, 19.00
739, 88, 3791, 3794, 518, 0.34, 0.99
740, 88, 4727, 4730, 528, 0.27, 1.20
741, 89, 89891, 89895, 508, 0.11, 29.99
742, 89, 3819, 3819, 532, 0.36, 1.00
743, 89, 63909, 63912, 504, 0.26, 19.97
744, 89, 8203, 8206, 524, 0.69, 2.20
745, 89, 12287, 12288, 518, 0.21, 3.42
746, 89, 10587, 10589, 516, 0.20, 2.90
747, 89, 25299, 25296, 516, 0.22, 7.45
748, 89, 15451, 15454, 516, 0.18, 4.30
749, 89, 24101, 24103, 526, 0.29, 7.15
750, 89, 87747, 87751, 526, 0.14, 29.19
751, 90, 3367, 3371, 540, 0.39, 0.90
752, 90, 17297, 17302, 526, 0.25, 4.90
753, 90, 17611, 17611, 528, 0.35, 5.08
754, 90, 2564, 2567, 526, 0.18, 0.65
755, 90, 7325, 7329, 526, 0.21, 1.94
756, 90, 1201, 1204, 532, 0.50, 0.29
757, 90, 732, 733, 540, 0.19, 0.18
758, 90, 847, 848, 530, 0.30, 0.20
759, 90, 7287, 7289, 526, 0.21, 1.91
760, 90, 1539, 1543, 544, 0.30, 0.42
761, 91, 10145, 10146, 520, 0.31, 2.77
762, 91, 20131, 20132, 528, 0.33, 5.77
763, 91, 26005, 26009, 536, 0.27, 7.83
764, 91, 12255, 12258, 530, 0.33, 3.45
765, 91, 63143, 63146, 534, 0.34, 20.64
766, 91, 2805, 2808, 548, 0.37, 0.77
767, 91, 4063, 4068, 530, 0.17, 1.05
768, 91, 11511, 11515, 546, 0.35, 3.26
769, 91, 2727, 2730, 548, 0.30, 0.67
770, 91, 19071, 19076, 546, 0.24, 5.50
771, 92, 53287, 53289, 534, 0.29, 17.29
772, 92, 34323, 34326, 540, 0.32, 10.86
773, 92, 11391, 11393, 530, 0.31, 3.22
774, 92, 5711, 5716, 544, 0.29, 1.49
775, 92, 12171, 12176, 546, 0.31, 3.45
776, 92, 48415, 48417, 532, 0.28, 16.00
777, 92, 86151, 86154, 544, 0.29, 32.32
778, 92, 3163, 3168, 542, 0.35, 0.84
779, 92, 7211, 7212, 550, 0.12, 1.89
780, 92, 14899, 14905, 536, 0.22, 4.17
781, 93, 2699, 2701, 552, 0.19, 0.67
782, 93, 3203, 3205, 548, 0.67, 0.82
783, 93, 8319, 8323, 538, 0.18, 2.24
784, 93, 5935, 5940, 534, 0.15, 1.62
785, 93, 18039, 18042, 538, 0.21, 5.12
786, 93, 84071, 84073, 540, 0.34, 28.80
787, 93, 19159, 19164, 548, 0.56, 5.63
788, 93, 35975, 35977, 544, 0.29, 11.27
789, 93, 10911, 10915, 528, 0.34, 3.02
790, 93, 7399, 7402, 542, 0.22, 1.99
791, 94, 3331, 3332, 538, 0.25, 0.86
792, 94, 2893, 2894, 556, 0.32, 0.71
793, 94, 71059, 71059, 564, 0.19, 24.56
794, 94, 16179, 16182, 544, 0.35, 4.61
795, 94, 81253, 81255, 546, 0.33, 26.78
796, 94, 7771, 7775, 540, 0.46, 2.21
797, 94, 15363, 15367, 528, 0.56, 4.52
798, 94, 3080, 3083, 522, 0.12, 0.80
799, 94, 8523, 8528, 554, 0.13, 2.37
800, 94, 10599, 10602, 540, 0.11, 2.93
801, 95, 14036, 14039, 568, 0.15, 4.03
802, 95, 3415, 3420, 556, 0.26, 0.87
803, 95, 1549, 1552, 572, 0.32, 0.43
804, 95, 8039, 8042, 568, 0.28, 2.18
805, 95, 5585, 5589, 554, 0.35, 1.45
806, 95, 57613, 57617, 566, 0.33, 18.41
807, 95, 4671, 4674, 558, 0.25, 1.25
808, 95, 30821, 30823, 564, 0.12, 9.55
809, 95, 115323, 115326, 554, 0.27, 45.15
810, 95, 826, 828, 570, 0.39, 0.28
811, 96, 6193, 6196, 562, 0.19, 1.63
812, 96, 3065, 3066, 566, 0.78, 0.77
813, 96, 10771, 10775, 564, 0.21, 3.00
814, 96, 70391, 70395, 572, 0.39, 25.27
815, 96, 30615, 30617, 568, 0.32, 9.61
816, 96, 177895, 177897, 560, 0.34, 66.38
817, 96, 3819, 3824, 574, 0.35, 1.13
818, 96, 44795, 44797, 540, 0.32, 14.16
819, 96, 17571, 17574, 550, 0.37, 5.05
820, 96, 2751, 2753, 578, 0.26, 0.68
821, 97, 10155, 10160, 550, 0.32, 2.86
822, 97, 11991, 11992, 574, 0.15, 3.43
823, 97, 6431, 6433, 576, 0.18, 1.70
824, 97, 54883, 54886, 576, 0.19, 17.71
825, 97, 64707, 64711, 572, 0.21, 22.32
826, 97, 21387, 21391, 558, 0.35, 6.16
827, 97, 18479, 18483, 586, 0.22, 5.44
828, 97, 10379, 10383, 558, 0.31, 2.95
829, 97, 14483, 14487, 576, 0.23, 4.22
830, 97, 37035, 37040, 560, 0.26, 12.21
831, 98, 5519, 5521, 570, 0.27, 1.46
832, 98, 34711, 34715, 572, 0.28, 10.93
833, 98, 10527, 10530, 564, 0.32, 3.02
834, 98, 8735, 8737, 572, 0.26, 2.43
835, 98, 3125, 3129, 568, 0.17, 0.84
836, 98, 12407, 12412, 574, 0.10, 3.59
837, 98, 3147, 3145, 578, 0.22, 0.80
838, 98, 25175, 25178, 574, 0.27, 7.74
839, 98, 10303, 10291, 562, 0.35, 2.93
840, 98, 32415, 32418, 568, 0.13, 10.19
841, 99, 21435, 21438, 570, 0.42, 6.50
842, 99, 43835, 43837, 586, 0.32, 14.52
843, 99, 132451, 132457, 574, 0.49, 49.65
844, 99, 26603, 26604, 582, 0.61, 7.98
845, 99, 20755, 20761, 584, 0.25, 6.22
846, 99, 26635, 26639, 584, 0.28, 8.31
847, 99, 15547, 15551, 584, 0.25, 4.57
848, 99, 5391, 5394, 586, 0.85, 1.43
849, 99, 3087, 3090, 588, 0.78, 0.83
850, 99, 11115, 11118, 578, 0.18, 3.24
851, 100, 91279, 91279, 600, 0.25, 33.24
852, 100, 6169, 6170, 578, 0.42, 1.71
853, 100, 2511, 2514, 592, 0.24, 0.70
854, 100, 8917, 8920, 566, 0.29, 2.44
855, 100, 4065, 4067, 590, 0.27, 1.15
856, 100, 10009, 10012, 588, 0.34, 2.84
857, 100, 1265, 1267, 598, 0.27, 0.32
858, 100, 4667, 4671, 592, 0.37, 1.28
859, 100, 7593, 7595, 586, 0.34, 2.06
860, 100, 3313, 3316, 602, 0.35, 0.90
